|Threads  |Dimension |GuessCount  |min.         |max.      |avg.     |total     |
8 2 101 0.000001 0.000065 0.000004 0.000949
7 2 100 0.000001 0.000027 0.000003 0.000746
6 2 101 0.000001 0.000028 0.000003 6.005676
5 2 100 0.000001 0.000030 0.000004 0.001200
4 2 101 0.000001 0.000056 0.000004 0.000997
3 2 105 0.000001 0.000022 0.000002 0.000694
2 2 101 0.000001 0.000101 0.000004 0.001094
1 2 100 0.000001 0.000013 0.000001 1.000787
8 3 117 0.000001 0.000147 0.000009 0.001327
7 3 104 0.000001 0.000050 0.000003 0.000914
6 3 105 0.000001 0.000040 0.000004 0.000840
5 3 103 0.000001 0.000101 0.000003 5.005763
4 3 108 0.000001 0.000032 0.000003 4.001436
3 3 139 0.000001 0.000352 0.000023 6.002460
2 3 126 0.000001 0.001175 0.000061 4.004295
1 3 124 0.000001 0.000444 0.000026 3.011092
8 4 218 0.000001 0.196963 0.019923 8.006890
7 4 316 0.000001 0.562065 0.036586 21.009257
6 4 241 0.000001 0.063920 0.005133 12.002938
5 4 221 0.000001 0.351485 0.015581 10.007126
4 4 153 0.000001 0.004577 0.000395 8.009735
3 4 172 0.000001 0.054917 0.002909 6.003939
2 4 147 0.000001 0.197346 0.007931 4.004612
1 4 123 0.000001 0.008971 0.000311 3.008321
1 2 112 0.000001 0.000048 0.000002 2.006950
2 2 122 0.000001 0.000019 0.000002 2.005887
1 2 108 0.000001 0.000011 0.000001 1.005617
2 2 176 0.000001 0.000037 0.000003 0.002431
3 2 108 0.000001 0.000043 0.000004 3.002492
4 2 105 0.000001 0.000038 0.000004 0.001199
5 2 107 0.000001 0.000052 0.000003 0.000953
1 2 100 0.000001 0.000008 0.000001 1.005494
2 2 122 0.000001 0.000041 0.000005 2.001834
3 2 100 0.000001 0.000039 0.000003 3.000460
4 2 113 0.000001 0.000042 0.000005 0.001579
5 2 102 0.000002 0.000031 0.000004 5.003166
6 2 103 0.000001 0.000047 0.000004 0.000963
7 2 108 0.000001 0.000029 0.000004 0.001005
8 2 101 0.000001 0.000084 0.000003 0.000735
1 3 114 0.000001 0.000081 0.000004 2.008262
1 2 113 0.000001 0.000014 0.000001 2.003354
1 2 100 0.000001 0.000007 0.000001 1.004767
2 2 102 0.000001 0.000038 0.000003 0.001185
3 2 100 0.000001 0.000045 0.000003 0.000938
4 2 70 0.000001 0.000027 0.000002 0.000316
5 2 106 0.000001 0.000038 0.000003 0.001071
6 2 101 0.000001 0.000052 0.000004 0.000959
7 2 109 0.000001 0.000031 0.000003 0.001001
8 2 107 0.000001 0.000050 0.000004 0.001022
1 3 113 0.000001 0.000143 0.000005 2.004806
2 3 126 0.000001 0.000222 0.000012 2.006675
3 3 100 0.000001 0.000053 0.000003 3.005553
4 3 105 0.000001 0.000031 0.000004 0.001226
5 3 109 0.000001 0.000081 0.000006 0.001217
6 3 120 0.000001 0.000163 0.000015 6.000845
7 3 101 0.000001 0.000026 0.000003 0.000880
8 3 196 0.000001 0.002820 0.000210 8.001707
8 2 101 0.000001 0.000039 0.000003 0.000788
7 2 57 0.000001 0.000041 0.000003 0.000282
6 2 105 0.000001 0.000019 0.000003 0.000818
5 2 104 0.000001 0.000035 0.000003 5.001225
4 2 45 0.000001 0.000033 0.000004 0.000363
3 2 45 0.000001 0.000028 0.000003 0.000285
2 2 37 0.000001 0.000017 0.000002 0.000288
1 2 100 0.000001 0.000005 0.000001 1.005463
8 3 109 0.000001 0.000123 0.000008 0.001638
7 3 106 0.000001 0.000077 0.000005 0.001166
6 3 102 0.000001 0.000025 0.000003 0.000780
5 3 110 0.000001 0.000080 0.000006 0.001415
8 2 109 0.000001 0.000028 0.000003 0.000951
7 2 100 0.000001 0.000034 0.000003 0.000762
8 2 347 0.000001 0.000049 0.000004 0.000991
7 2 102 0.000001 0.000036 0.000003 7.000567
6 2 226 0.000001 0.000030 0.000003 0.001049
5 2 101 0.000001 0.000033 0.000003 0.000810
4 2 100 0.000001 0.000029 0.000002 0.000708
3 2 111 0.000001 0.000026 0.000003 3.000928
2 2 64 0.000001 0.000035 0.000003 0.000808
1 2 101 0.000001 0.000006 0.000001 1.002842
8 3 57666 0.000001 0.102587 0.010867 8.002542
7 3 10540 0.000001 0.028284 0.002247 7.005507
8 2 373 0.000001 0.000053 0.000003 8.002918
7 2 149 0.000001 0.000032 0.000004 0.000885
6 2 106 0.000001 0.000020 0.000002 0.000397
5 2 160 0.000001 0.000030 0.000003 0.001001
4 2 245 0.000001 0.000031 0.000003 4.000829
3 2 108 0.000001 0.000026 0.000002 0.000856
2 2 112 0.000001 0.000020 0.000002 2.002915
1 2 169 0.000001 0.000047 0.000002 2.007650
8 3 5995 0.000001 0.000574 0.000016 0.001736
7 3 102 0.000001 0.000024 0.000003 0.000902
6 3 346 0.000001 0.000025 0.000003 0.000807
5 3 486 0.000001 0.000032 0.000003 0.000862
4 3 99427 0.000001 0.001808 0.000088 4.006329
3 3 108 0.000001 0.000023 0.000002 0.000544
2 3 32619 0.000001 0.002335 0.000065 4.009107
1 3 808 0.000001 0.000074 0.000003 2.001810
8 4 276469 0.000001 0.013223 0.000636 8.006515
7 4 14329946 0.000001 0.337908 0.018023 21.009436
6 4 33914 0.000001 0.001161 0.000078 6.002484
5 4 22908 0.000001 0.001003 0.000049 5.006522
4 4 318714 0.000001 0.005907 0.000452 8.007697
3 4 8731911 0.000001 0.158301 0.009844 9.011341
2 4 2017150 0.000001 0.049587 0.002902 4.006691
1 4 16657 0.000001 0.001023 0.000049 3.010131
